0 0.890281 0.005906 
1 0.883361 0.006295 
2 0.897788 0.006306 
3 0.889279 0.007740 
4 0.878597 0.005463 
5 0.868252 0.006097 
6 0.877908 0.006233 
7 0.880598 0.005696 
8 0.883535 0.006213 
9 0.881923 0.006105 
10 0.877718 0.006606 
11 0.878447 0.005814 
12 0.889786 0.005891 
13 0.876147 0.005950 
14 0.881973 0.005958 
15 0.902126 0.007216 
16 0.896049 0.005705 
17 0.879692 0.010066 
18 0.893027 0.005968 
19 0.889358 0.006588 
20 0.857632 0.007601 
21 0.884164 0.006267 
22 0.881864 0.006444 
23 0.884520 0.005502 
24 0.876846 0.006282 
25 0.890553 0.005924 
26 0.879655 0.006075 
27 0.881156 0.006630 
28 0.896058 0.006429 
29 0.872449 0.005831 
30 0.876993 0.006672 
31 0.885101 0.006265 
32 0.887872 0.005836 
33 0.878529 0.005837 
34 0.885417 0.007376 
35 0.879918 0.006194 
36 0.919784 0.006109 
37 0.864067 0.006609 
38 0.869082 0.005845 
39 0.884724 0.007323 
40 0.882514 0.006792 
41 0.894813 0.006142 
42 0.893458 0.006043 
43 0.898799 0.007007 
44 0.878268 0.007429 
45 0.860583 0.011164 
46 0.424938 0.039276 
47 0.889459 0.006170 
48 0.872367 0.006850 
49 0.885665 0.006243 
50 0.898465 0.005814 
51 0.888685 0.005626 
52 0.878492 0.008302 
53 0.882798 0.005877 
54 0.875911 0.005922 
55 0.886819 0.005988 
56 0.893343 0.006117 
57 0.887183 0.005860 
58 0.893515 0.005882 
59 0.882150 0.006952 
60 0.888984 0.005749 
61 0.895787 0.006012 
62 0.880065 0.006240 
63 0.895373 0.006120 
64 0.891551 0.007223 
65 0.874987 0.005667 
66 0.885426 0.006512 
67 0.882335 0.006119 
68 0.899245 0.006468 
69 0.882906 0.005965 
70 0.894659 0.010550 
71 0.891581 0.006486 
72 0.903426 0.007350 
73 0.881898 0.005788 
74 0.886093 0.005846 
75 0.899299 0.006755 
76 0.879289 0.006301 
77 0.893473 0.008703 
78 0.891956 0.006041 
79 0.328354 0.047999 
80 0.870608 0.006995 
81 0.904412 0.006032 
82 0.886690 0.006206 
83 0.892241 0.005933 
84 0.882270 0.005994 
85 0.888571 0.005689 
86 0.890177 0.006052 
87 0.895540 0.006087 
88 0.885013 0.005817 
89 0.887044 0.005754 
90 0.882151 0.005678 
91 0.890248 0.005502 
92 0.874793 0.005461 
93 0.884722 0.005871 
94 0.877804 0.006662 
95 0.899491 0.005840 
96 0.898409 0.008102 
97 0.883766 0.005524 
98 0.875750 0.006251 
99 0.882263 0.005933 
100 0.894265 0.006533 
101 0.886454 0.005873 
102 0.885913 0.006405 
103 0.888390 0.007977 
104 0.879896 0.006099 
105 0.884239 0.005983 
106 0.893266 0.006589 
107 0.887693 0.007096 
108 0.883398 0.006665 
109 0.883043 0.006410 
110 0.897581 0.014272 
111 0.877320 0.006681 
112 0.860128 0.006315 
113 0.870267 0.005907 
114 0.905462 0.008433 
115 0.885866 0.006373 
116 0.892648 0.005975 
117 0.904848 0.011183 
118 0.881576 0.006897 
119 0.878341 0.006638 
120 0.881388 0.010350 
121 0.884298 0.005927 
122 0.890176 0.007621 
123 0.895196 0.012399 
124 0.873716 0.006650 
125 0.874757 0.008953 
126 0.887301 0.006948 
127 0.878971 0.007328 
128 0.920373 0.008214 
129 0.894501 0.006494 
130 0.885000 0.006279 
131 0.880303 0.013001 
132 0.905293 0.006798 
133 0.876734 0.006041 
134 0.879275 0.006444 
135 0.887207 0.005687 
136 0.858759 0.008087 
137 0.897641 0.005620 
138 0.887779 0.005929 
139 0.886864 0.006148 
140 0.836531 0.005863 
141 0.886566 0.006309 
142 0.904217 0.005721 
143 0.880058 0.005930 
144 0.890270 0.005797 
145 0.897297 0.007621 
146 0.894191 0.007591 
147 0.889670 0.008285 
148 0.890440 0.005478 
149 0.896809 0.006900 
150 0.902704 0.005689 
151 0.892289 0.005463 
152 0.887912 0.005901 
153 0.889487 0.005515 
154 0.881277 0.005503 
155 0.893770 0.005710 
156 0.899634 0.005550 
157 0.895987 0.005996 
158 0.890026 0.007066 
159 0.891930 0.006249 
160 0.889155 0.006465 
161 0.880733 0.006113 
162 0.885598 0.005629 
163 0.882319 0.006259 
164 0.873541 0.006024 
165 0.906869 0.007414 
166 0.897576 0.006434 
167 0.880483 0.005591 
168 0.876225 0.006225 
169 0.874128 0.005356 
170 0.883484 0.005590 
171 0.885446 0.005734 
172 0.883159 0.005993 
173 0.895034 0.005476 
174 0.891686 0.005575 
175 0.875689 0.006806 
176 0.894984 0.006030 
177 0.902159 0.005858 
178 0.879960 0.006057 
179 0.872246 0.005749 
180 0.893917 0.006073 
181 0.891079 0.007208 
182 0.897083 0.006331 
183 0.871398 0.006153 
184 0.900637 0.006131 
185 0.882366 0.006526 
186 0.881118 0.006446 
187 0.885859 0.006063 
188 0.899186 0.006231 
189 0.889085 0.006079 
190 0.885164 0.005605 
191 0.884823 0.005949 
192 0.889631 0.005515 
193 0.884686 0.005843 
194 0.890248 0.006285 
195 0.881029 0.006036 
196 0.871205 0.006672 
197 0.883974 0.005665 
198 0.875002 0.005398 
199 0.902945 0.005679 
200 0.880279 0.005436 
201 0.876032 0.005741 
202 0.885583 0.005699 
203 0.890659 0.006095 
204 0.889533 0.006548 
205 0.909198 0.005953 
206 0.888179 0.005875 
207 0.889969 0.006204 
208 0.871259 0.006724 
209 0.872719 0.005937 
210 0.866290 0.006047 
211 0.898329 0.006152 
212 0.877202 0.006231 
213 0.898422 0.005856 
214 0.887449 0.006465 
215 0.878693 0.006898 
216 0.881058 0.005718 
217 0.892821 0.006760 
218 0.876517 0.006029 
219 0.895563 0.006385 
220 0.891484 0.007409 
221 0.896544 0.005607 
222 0.909935 0.007849 
223 0.885627 0.006665 
224 0.881771 0.005907 
225 0.893558 0.006024 
226 0.877154 0.005681 
227 0.874321 0.005557 
228 0.888961 0.005639 
229 0.874057 0.022188 
230 0.888426 0.005566 
231 0.888454 0.005560 
232 0.897674 0.005815 
233 0.896205 0.007566 
234 0.882612 0.005984 
235 0.885016 0.006388 
236 0.892302 0.011673 
237 0.890201 0.006415 
238 0.891952 0.006310 
239 0.907620 0.006328 
240 0.896373 0.005824 
241 0.879887 0.005863 
242 0.886862 0.006466 
243 0.883645 0.006230 
244 0.889011 0.005987 
245 0.880356 0.006313 
246 0.882332 0.005545 
247 0.885833 0.006154 
248 0.887349 0.005704 
249 0.883001 0.005762 
250 0.652450 0.027622 
251 0.896352 0.006446 
252 0.885563 0.006005 
253 0.883335 0.005695 
254 0.913406 0.006064 
255 0.891507 0.005985 
256 0.885410 0.005961 
257 0.880699 0.005896 
258 0.892879 0.005823 
259 0.897168 0.006395 
260 0.876255 0.006403 
261 0.873222 0.005860 
262 0.887994 0.006082 
263 0.881501 0.006319 
264 0.869918 0.006146 
265 0.878365 0.006322 
266 0.871782 0.007167 
267 0.881632 0.005818 
268 0.885336 0.006866 
269 0.888869 0.007181 
270 0.875245 0.006625 
271 0.887361 0.005959 
272 0.893007 0.006029 
273 0.898231 0.005710 
274 0.889280 0.005961 
275 0.886982 0.005878 
276 0.888515 0.006949 
277 0.896926 0.005956 
278 0.888474 0.006210 
279 0.878722 0.005915 
280 0.880552 0.008378 
281 0.884801 0.006360 
282 0.890217 0.006756 
283 0.867744 0.006188 
284 0.884657 0.005815 
285 0.408773 0.046541 
286 0.892192 0.009496 
287 0.878716 0.006556 
288 0.864332 0.005646 
289 0.920196 0.011002 
290 0.884278 0.006338 
291 0.886372 0.007326 
292 0.871616 0.005875 
293 0.880841 0.006389 
294 0.876260 0.005941 
295 0.885126 0.007389 
296 0.898802 0.006872 
297 0.886027 0.006847 
298 0.882995 0.009525 
299 0.886478 0.005951 
300 0.885769 0.006095 
301 0.885379 0.005866 
302 0.883390 0.005775 
303 0.533982 0.015716 
304 0.883663 0.006995 
305 0.883504 0.005952 
306 0.893379 0.008443 
307 0.880626 0.005724 
308 0.884343 0.005506 
309 0.874622 0.005606 
310 0.874608 0.006025 
311 0.892566 0.006161 
312 0.886617 0.005649 
313 0.879029 0.008702 
314 0.887402 0.006855 
315 0.872986 0.006637 
316 0.880944 0.008322 
317 0.896943 0.007245 
318 0.898335 0.008016 
319 0.875814 0.006971 
320 0.883266 0.007695 
321 0.850398 0.006167 
322 0.871854 0.006439 
323 0.889010 0.007255 
324 0.895529 0.006052 
325 0.905478 0.010115 
326 0.878495 0.006170 
327 0.886908 0.006379 
328 0.904906 0.006605 
329 0.889282 0.006487 
330 0.884031 0.006411 
331 0.889725 0.006492 
332 0.885782 0.006329 
333 0.898421 0.005986 
334 0.888901 0.005995 
335 0.881839 0.006196 
336 0.893049 0.005712 
337 0.894267 0.009805 
338 0.540758 0.010807 
339 0.844855 0.005934 
340 0.899924 0.006193 
341 0.886770 0.008071 
342 0.868242 0.006262 
343 0.893376 0.005780 
344 0.886723 0.006416 
345 0.884286 0.006293 
346 0.874057 0.008087 
347 0.861254 0.007678 
348 0.864331 0.009762 
349 0.003673 0.016203 
350 0.905350 0.014569 
351 0.880319 0.007288 
352 0.876177 0.018722 
353 0.875100 0.006958 
354 0.887299 0.006209 
355 0.896161 0.008388 
356 0.902493 0.008893 
357 0.893913 0.008729 
358 0.888483 0.008681 
359 0.887017 0.011552 
360 0.874104 0.007573 
361 0.891684 0.008748 
362 0.884600 0.008838 
363 0.889936 0.008142 
364 0.860781 0.007800 
365 0.881087 0.009029 
366 0.875565 0.010325 
367 0.885326 0.006007 
368 0.935864 0.013917 
369 0.919107 0.019281 
370 0.873057 0.013991 
371 0.888498 0.005907 
372 0.889005 0.006572 
373 0.905524 0.007418 
374 0.873203 0.005589 
375 0.871685 0.006246 
376 0.876539 0.006980 
377 0.882603 0.005875 
378 0.880676 0.012595 
379 0.876127 0.025707 
380 0.870656 0.008673 
381 0.388904 0.072269 
382 0.860173 0.010204 
383 0.877517 0.005912 
384 0.863930 0.006327 
385 0.893051 0.010251 
386 0.894513 0.005998 
387 0.884722 0.017395 
388 0.890764 0.007014 
389 0.863754 0.008843 
390 0.890533 0.006579 
391 0.859347 0.016977 
392 0.874249 0.009336 
393 0.896222 0.006818 
394 0.878545 0.006997 
395 0.880102 0.007735 
396 0.875577 0.012603 
397 0.901804 0.015363 
398 0.888328 0.020819 
399 0.872832 0.020313 
400 0.889235 0.009950 
401 0.890531 0.010907 
402 0.871874 0.007794 
403 0.896777 0.006575 
404 0.881410 0.007193 
405 0.883384 0.005834 
406 0.880750 0.007338 
407 0.811094 0.011670 
408 0.897880 0.006477 
409 0.887411 0.010172 
410 0.892743 0.006937 
411 0.903337 0.010655 
412 0.885558 0.006927 
413 0.892444 0.008701 
414 0.858173 0.009819 
415 0.885530 0.006504 
416 0.868403 0.007206 
417 0.721886 0.042583 
418 0.887188 0.006578 
419 0.889608 0.011306 
420 0.880329 0.010647 
421 0.887841 0.008061 
422 0.883184 0.007263 
423 0.888829 0.008736 
424 0.885673 0.006082 
425 0.885374 0.006698 
426 0.884592 0.005498 
427 0.900508 0.007167 
428 0.889547 0.009216 
429 0.872538 0.010779 
430 0.870819 0.007088 
431 0.875910 0.006625 
432 0.852223 0.021277 
433 0.630379 0.031990 
434 0.845496 0.010124 
435 0.904674 0.008305 
436 0.908235 0.010284 
437 0.918833 0.013928 
438 0.967645 0.015419 
439 0.873557 0.010689 
440 0.893059 0.009623 
441 0.899977 0.006227 
442 0.889697 0.006622 
443 0.897892 0.006244 
444 0.880735 0.007177 
445 0.878048 0.007666 
446 0.880129 0.006053 
447 0.521093 0.545087 
448 0.874090 0.006340 
449 0.885227 0.006284 
450 0.891300 0.006291 
451 0.883159 0.006780 
452 0.888044 0.005977 
453 0.877272 0.005985 
454 0.874904 0.005786 
455 0.879961 0.005664 
456 0.887547 0.005685 
457 0.876098 0.005849 
458 0.894483 0.008129 
459 0.882217 0.006623 
460 0.879802 0.005924 
461 0.902196 0.007047 
462 0.890619 0.006106 
463 0.887598 0.007335 
464 0.894457 0.006642 
465 0.883582 0.006237 
466 0.891392 0.006212 
467 0.884241 0.006315 
468 0.877353 0.006302 
469 0.883179 0.006296 
470 0.887477 0.006536 
471 0.879514 0.010419 
472 0.894230 0.006047 
473 0.889436 0.006604 
474 0.876184 0.005731 
475 0.899617 0.006134 
476 0.880611 0.005739 
477 0.879933 0.005893 
478 0.884309 0.006007 
479 0.890211 0.006596 
480 0.890699 0.007295 
481 0.890672 0.005783 
482 0.879410 0.006236 
483 0.883339 0.006198 
484 0.884442 0.010202 
485 0.904581 0.007168 
486 0.885014 0.006688 
487 0.889120 0.006767 
488 0.881825 0.006427 
489 0.895710 0.006908 
490 0.881885 0.006117 
491 0.886455 0.014610 
492 0.885681 0.006064 
493 0.893942 0.006504 
494 0.884100 0.006943 
495 0.877268 0.005991 
496 0.864862 0.010556 
497 0.893357 0.006418 
498 0.885327 0.006014 
499 0.890327 0.007845 
500 0.497322 0.012368 
501 0.903046 0.007305 
502 0.878884 0.006213 
503 0.883648 0.005793 
504 0.892373 0.006449 
505 0.913358 0.008946 
506 0.880728 0.006646 
507 0.886358 0.005879 
508 0.868959 0.006681 
509 0.888995 0.006072 
510 0.856069 0.007380 
511 0.874107 0.007296 
512 0.876527 0.009429 
513 0.890788 0.010309 
514 0.881923 0.006341 
515 0.839749 0.006662 
516 0.872064 0.006244 
517 0.892701 0.006314 
518 0.900509 0.006347 
519 0.877455 0.008010 
520 0.885196 0.006363 
521 0.896287 0.006481 
522 0.879167 0.007420 
523 0.878964 0.005992 
524 0.912740 0.005820 
525 0.903730 0.006784 
526 0.893426 0.006208 
527 0.878424 0.006397 
528 0.869549 0.006110 
529 0.877948 0.006292 
530 0.876071 0.005921 
531 0.859708 0.006012 
532 0.890129 0.011709 
533 0.893903 0.005937 
534 0.942624 0.010834 
535 0.888940 0.006228 
536 0.853889 0.012537 
537 0.877121 0.006055 
538 0.868906 0.006952 
539 0.901518 0.005682 
540 0.894108 0.006663 
541 0.885854 0.005555 
542 0.895557 0.010962 
543 0.891650 0.007112 
544 0.869841 0.005799 
545 0.880323 0.006312 
546 0.899353 0.005779 
547 0.870572 0.006062 
548 0.887477 0.006111 
549 0.887072 0.005952 
550 0.891854 0.007984 
551 0.890516 0.007782 
552 0.903976 0.013330 
553 0.890162 0.012884 
554 0.894722 0.006828 
555 0.891366 0.006620 
556 0.883379 0.006874 
557 0.873273 0.006189 
558 0.873308 0.005936 
559 0.884962 0.006266 
560 0.881994 0.005945 
561 0.891592 0.006521 
562 0.889863 0.005419 
563 0.907365 0.012127 
564 0.872117 0.005650 
565 0.893223 0.006351 
566 0.893700 0.006241 
567 0.883884 0.009036 
568 0.874193 0.007737 
569 0.897770 0.005919 
570 0.900348 0.013117 
571 0.883694 0.007396 
572 0.887940 0.006221 
573 0.880584 0.006300 
574 0.890667 0.005680 
575 0.885503 0.006886 
576 0.900782 0.006659 
577 0.884352 0.006838 
578 0.871666 0.006643 
579 0.889987 0.005915 
580 0.886636 0.006704 
581 0.890946 0.005861 
582 0.875888 0.005815 
583 0.884197 0.005984 
584 0.891617 0.006076 
585 0.873391 0.007005 
586 0.891579 0.005620 
587 0.527738 0.015474 
588 0.893073 0.005894 
589 0.890776 0.005977 
0.876687 | 0.008545 | -0.005107