0 0.415637 0.000298 
1 2.179218 0.000316 
2 3.942950 0.000304 
3 5.706210 0.000315 
4 7.469769 0.000295 
5 9.233777 0.000302 
6 10.996848 0.000330 
7 -99.000000 -99.000000 
8 14.524220 0.000316 
9 16.287465 0.000306 
10 18.051235 0.000300 
11 19.815002 0.000304 
12 21.577838 0.000308 
13 23.341939 0.000296 
14 25.105443 0.000299 
15 26.869701 0.000300 
16 28.632924 0.000310 
17 30.396254 0.000318 
18 32.160049 0.000318 
19 33.923709 0.000304 
20 35.687251 0.000303 
21 37.450633 0.000310 
22 39.214573 0.000304 
23 40.978227 0.000319 
24 42.741467 0.000305 
25 44.504908 0.000315 
26 46.268723 0.000297 
27 48.032685 0.000331 
28 49.795821 0.000296 
29 51.559610 0.000318 
30 53.322935 0.000344 
31 55.086734 0.000324 
32 56.850337 0.000309 
33 58.613683 0.000307 
34 60.377305 0.000423 
35 62.141189 0.000322 
36 63.904721 0.000298 
37 65.668360 0.000305 
38 67.431329 0.000307 
39 69.195887 0.000316 
40 70.958885 0.000309 
41 72.722347 0.000290 
42 74.485950 0.000306 
43 76.249724 0.000305 
44 78.013206 0.000304 
45 79.776688 0.000297 
46 81.540326 0.000315 
47 83.304002 0.000308 
48 85.067297 0.000371 
49 86.833455 0.000507 
50 88.594802 0.000487 
51 90.796813 0.038717 
52 92.122098 0.000304 
53 93.885378 0.000305 
54 95.648993 0.000301 
55 97.412695 0.000314 
56 99.176414 0.000299 
57 100.938913 0.000314 
58 102.703373 0.000300 
59 104.467111 0.000308 
60 106.230773 0.000303 
61 107.994203 0.000302 
62 109.758264 0.000315 
63 -98.000000 -98.000000 
64 113.284931 0.000297 
65 115.048505 0.000304 
66 116.812280 0.000301 
67 118.576072 0.000308 
68 120.339019 0.000370 
69 122.102897 0.000322 
70 123.865362 0.000301 
71 125.630083 0.000308 
72 127.393825 0.000304 
73 129.157413 0.000303 
74 130.920976 0.000301 
75 132.684399 0.000309 
76 134.448222 0.000305 
77 136.211678 0.000331 
78 137.975208 0.000305 
79 139.738779 0.000307 
80 141.503861 0.000437 
81 143.266370 0.000301 
82 145.029655 0.000307 
83 146.793276 0.000306 
84 148.556076 0.000320 
85 150.320524 0.000297 
86 151.859226 0.021980 
87 154.401818 0.047348 
88 155.611258 0.000312 
89 157.374626 0.000302 
90 159.138316 0.000305 
91 160.901846 0.000293 
92 162.665628 0.000302 
93 164.429303 0.000300 
94 166.192853 0.000300 
95 167.956197 0.000304 
96 169.719902 0.000308 
97 171.483461 0.000300 
98 173.246618 0.000297 
99 175.010460 0.000301 
100 176.774389 0.000295 
101 178.537523 0.000299 
102 -98.000000 -98.000000 
103 -99.000000 -99.000000 
104 -99.000000 -99.000000 
105 -99.000000 -99.000000 
106 -99.000000 -99.000000 
107 -99.000000 -99.000000 
108 -99.000000 -99.000000 
109 -99.000000 -99.000000 
110 -99.000000 -99.000000 
111 -99.000000 -99.000000 
112 -99.000000 -99.000000 
113 -99.000000 -99.000000 
114 -99.000000 -99.000000 
115 -99.000000 -99.000000 
116 -99.000000 -99.000000 
117 -99.000000 -99.000000 
118 -99.000000 -99.000000 
119 -99.000000 -99.000000 
120 -99.000000 -99.000000 
121 -99.000000 -99.000000 
122 -99.000000 -99.000000 
123 -99.000000 -99.000000 
124 -99.000000 -99.000000 
125 -99.000000 -99.000000 
126 -99.000000 -99.000000 
127 -99.000000 -99.000000 
128 -99.000000 -99.000000 
129 -99.000000 -99.000000 
130 -99.000000 -99.000000 
131 -99.000000 -99.000000 
132 -99.000000 -99.000000 
133 -99.000000 -99.000000 
134 -99.000000 -99.000000 
135 -99.000000 -99.000000 
136 -99.000000 -99.000000 
137 -99.000000 -99.000000 
138 -99.000000 -99.000000 
139 -99.000000 -99.000000 
140 -99.000000 -99.000000 
141 -99.000000 -99.000000 
142 -99.000000 -99.000000 
143 -99.000000 -99.000000 
144 -99.000000 -99.000000 
145 -99.000000 -99.000000 
146 -99.000000 -99.000000 
147 -99.000000 -99.000000 
148 -99.000000 -99.000000 
149 -99.000000 -99.000000 
150 -99.000000 -99.000000 
151 -99.000000 -99.000000 
152 -99.000000 -99.000000 
153 -99.000000 -99.000000 
154 -99.000000 -99.000000 
155 -99.000000 -99.000000 
156 -99.000000 -99.000000 
157 -99.000000 -99.000000 
158 -99.000000 -99.000000 
159 -99.000000 -99.000000 
160 -99.000000 -99.000000 
161 -99.000000 -99.000000 
162 -99.000000 -99.000000 
163 -99.000000 -99.000000 
164 -99.000000 -99.000000 
165 -99.000000 -99.000000 
166 -99.000000 -99.000000 
167 -99.000000 -99.000000 
168 -99.000000 -99.000000 
169 -99.000000 -99.000000 
170 -99.000000 -99.000000 
171 -99.000000 -99.000000 
172 -99.000000 -99.000000 
173 -99.000000 -99.000000 
174 -99.000000 -99.000000 
175 -99.000000 -99.000000 
176 -99.000000 -99.000000 
177 -99.000000 -99.000000 
178 -99.000000 -99.000000 
179 -99.000000 -99.000000 
180 -99.000000 -99.000000 
181 -99.000000 -99.000000 
182 -99.000000 -99.000000 
183 -99.000000 -99.000000 
184 -99.000000 -99.000000 
185 -99.000000 -99.000000 
186 -99.000000 -99.000000 
187 -99.000000 -99.000000 
188 -99.000000 -99.000000 
189 -99.000000 -99.000000 
190 -99.000000 -99.000000 
191 -99.000000 -99.000000 
192 -99.000000 -99.000000 
193 -99.000000 -99.000000 
194 -99.000000 -99.000000 
195 -99.000000 -99.000000 
196 -99.000000 -99.000000 
197 -99.000000 -99.000000 
198 -99.000000 -99.000000 
199 -99.000000 -99.000000 
200 -99.000000 -99.000000 
201 -99.000000 -99.000000 
202 -99.000000 -99.000000 
203 -99.000000 -99.000000 
204 -99.000000 -99.000000 
205 -99.000000 -99.000000 
206 -99.000000 -99.000000 
207 -99.000000 -99.000000 
208 -99.000000 -99.000000 
209 -99.000000 -99.000000 
210 -99.000000 -99.000000 
211 -99.000000 -99.000000 
212 -99.000000 -99.000000 
213 -99.000000 -99.000000 
214 -99.000000 -99.000000 
215 -99.000000 -99.000000 
216 -99.000000 -99.000000 
217 -99.000000 -99.000000 
218 -99.000000 -99.000000 
219 -99.000000 -99.000000 
220 -99.000000 -99.000000 
221 -99.000000 -99.000000 
222 -99.000000 -99.000000 
223 -99.000000 -99.000000 
224 -99.000000 -99.000000 
225 -99.000000 -99.000000 
226 -99.000000 -99.000000 
227 -99.000000 -99.000000 
228 -99.000000 -99.000000 
229 -99.000000 -99.000000 
230 -99.000000 -99.000000 
231 -99.000000 -99.000000 
232 -99.000000 -99.000000 
233 -99.000000 -99.000000 
234 -99.000000 -99.000000 
235 -99.000000 -99.000000 
236 -99.000000 -99.000000 
237 -99.000000 -99.000000 
238 -99.000000 -99.000000 
239 -99.000000 -99.000000 
240 -99.000000 -99.000000 
241 -99.000000 -99.000000 
242 -99.000000 -99.000000 
243 -99.000000 -99.000000 
244 -99.000000 -99.000000 
245 -99.000000 -99.000000 
246 -99.000000 -99.000000 
247 -99.000000 -99.000000 
248 -99.000000 -99.000000 
249 -99.000000 -99.000000 
250 -99.000000 -99.000000 
251 -99.000000 -99.000000 
252 -99.000000 -99.000000 
253 -99.000000 -99.000000 
254 -99.000000 -99.000000 
255 -99.000000 -99.000000 
256 -99.000000 -99.000000 
257 -99.000000 -99.000000 
258 -99.000000 -99.000000 
259 -99.000000 -99.000000 
260 -99.000000 -99.000000 
261 460.711789 0.000355 
262 462.475260 0.000301 
263 464.238413 0.000325 
264 466.002380 0.000304 
265 467.766322 0.000299 
266 469.529848 0.000304 
267 471.293130 0.000305 
268 473.056912 0.000299 
269 474.821425 0.000339 
270 476.584401 0.000311 
271 478.347468 0.000303 
272 480.111322 0.000305 
273 481.874708 0.000303 
274 483.639989 0.000303 
275 485.404080 0.000328 
276 487.165221 0.000308 
277 488.929417 0.000344 
278 490.697952 0.000476 
279 492.456240 0.000307 
280 494.219952 0.000305 
281 495.983691 0.000316 
282 497.746966 0.000307 
283 499.510597 0.000315 
284 501.274333 0.000339 
285 503.037764 0.000306 
286 504.801642 0.000313 
287 506.564947 0.000328 
288 508.328613 0.000318 
289 510.092756 0.000340 
290 511.855870 0.000351 
291 513.619286 0.000309 
292 515.383315 0.000387 
293 517.146556 0.000336 
294 518.910218 0.000333 
295 520.669472 0.000477 
296 522.437523 0.000307 
297 524.200912 0.000328 
298 525.964342 0.000330 
299 527.728133 0.000305 
300 529.492304 0.000344 
301 531.255377 0.000317 
302 533.018678 0.000304 
303 534.782368 0.000309 
304 536.545983 0.000299 
305 538.309497 0.000314 
306 540.073126 0.000306 
307 541.889123 0.000198 
308 543.600474 0.000307 
309 545.364055 0.000294 
310 547.127397 0.000299 
311 548.891187 0.000316 
312 -99.000000 -99.000000 
313 -99.000000 -99.000000 
314 -99.000000 -99.000000 
315 -99.000000 -99.000000 
316 -99.000000 -99.000000 
317 -99.000000 -99.000000 
318 -99.000000 -99.000000 
319 -99.000000 -99.000000 
320 -98.000000 -98.000000 
321 566.526900 0.000322 
322 568.290450 0.000312 
323 570.054691 0.000311 
324 571.818253 0.000306 
325 573.581464 0.000312 
326 575.345487 0.000302 
327 577.108706 0.000306 
328 578.872370 0.000299 
329 580.635810 0.000297 
330 582.399572 0.000304 
331 584.163140 0.000292 
332 585.926654 0.000297 
333 587.690122 0.000301 
334 589.453658 0.000305 
335 591.217728 0.000454 
336 594.335529 0.138580 
337 594.744388 0.000303 
338 596.507954 0.000292 
339 598.271499 0.000310 
340 600.035074 0.000303 
341 601.798975 0.000309 
342 603.562314 0.000311 
343 605.326106 0.000318 
344 607.089555 0.000310 
345 608.853500 0.000310 
346 610.616666 0.000309 
347 612.380704 0.000305 
348 614.143530 0.000305 
349 615.907646 0.000299 
350 617.671170 0.000306 
351 619.434786 0.000308 
352 621.198395 0.000304 
353 622.961972 0.000302 
354 624.725509 0.000307 
355 626.489106 0.000304 
356 628.252445 0.000301 
357 630.016239 0.000301 
358 631.779834 0.000324 
359 -99.000000 -99.000000 
360 -99.000000 -99.000000 
361 -99.000000 -99.000000 
362 -98.000000 -98.000000 
363 640.597582 0.000315 
364 642.361357 0.000302 
365 644.125509 0.000317 
366 645.888568 0.000301 
367 647.652270 0.000308 
368 649.415670 0.000308 
369 651.179355 0.000297 
370 652.942968 0.000302 
371 654.706728 0.000302 
372 656.469966 0.000305 
373 658.233638 0.000304 
374 659.996932 0.000299 
375 661.760545 0.000293 
376 663.524463 0.000299 
377 665.288222 0.000301 
378 667.051393 0.000303 
379 668.815361 0.000299 
380 670.578930 0.000302 
381 672.342187 0.000298 
382 674.106062 0.000302 
383 -98.000000 -98.000000 
384 677.633200 0.000301 
385 679.396727 0.000295 
386 681.160275 0.000302 
387 682.923613 0.000308 
388 684.687271 0.000303 
389 686.450881 0.000299 
390 688.214351 0.000304 
391 689.978362 0.000309 
392 691.741817 0.000303 
393 693.505378 0.000301 
394 695.268762 0.000301 
395 697.032672 0.000305 
396 698.796129 0.000304 
397 700.559833 0.000309 
398 702.324612 0.000302 
399 704.087314 0.000376 
400 705.850464 0.000301 
401 707.613930 0.000303 
402 709.377423 0.000321 
403 711.141468 0.000305 
404 712.904850 0.000309 
405 714.668079 0.000301 
406 716.431908 0.000317 
407 718.195818 0.000309 
408 719.959049 0.000308 
409 721.722693 0.000300 
410 723.486409 0.000299 
411 725.250104 0.000302 
412 727.013601 0.000295 
413 728.777145 0.000399 
414 730.540748 0.000303 
415 732.304428 0.000302 
416 734.067806 0.000304 
417 735.831296 0.000389 
418 737.595154 0.000327 
419 739.358691 0.000315 
420 741.122231 0.000309 
421 742.886170 0.000328 
422 744.649560 0.000311 
423 746.412938 0.000303 
424 748.176704 0.000310 
425 749.940045 0.000314 
426 751.703865 0.000307 
427 753.467282 0.000300 
428 755.231024 0.000304 
429 756.994476 0.000306 
430 758.758542 0.000300 
431 760.521634 0.000303 
432 762.285447 0.000302 
433 764.048902 0.000303 
434 765.812497 0.000303 
435 767.796897 0.026648 
436 769.339571 0.000306 
437 771.106754 0.000296 
438 772.866366 0.000304 
439 774.630404 0.000300 
440 776.393865 0.000302 
441 778.157526 0.000310 
442 779.921143 0.000306 
443 781.684727 0.000304 
444 783.448764 0.000281 
445 785.212023 0.000309 
446 786.975515 0.000312 
447 788.738938 0.000307 
448 790.502639 0.000315 
449 792.265619 0.000316 
450 794.029685 0.000312 
451 795.793264 0.000306 
452 797.556759 0.000322 
453 799.320678 0.000414 
454 801.084180 0.000311 
455 802.847804 0.000313 
456 804.611611 0.000315 
457 806.374892 0.000298 
458 808.138471 0.000303 
459 809.901991 0.000299 
460 811.665679 0.000305 
461 813.429199 0.000303 
462 815.192671 0.000304 
463 816.956439 0.000302 
464 818.719710 0.000314 
465 820.483430 0.000302 
466 822.247471 0.000323 
467 824.012123 0.000319 
468 825.774526 0.000311 
469 827.538157 0.000305 
470 829.301835 0.000300 
471 831.551948 0.044745 
472 832.828666 0.000322 
473 834.590839 0.000308 
474 836.355778 0.000311 
475 838.119498 0.000330 
476 839.883094 0.000312 
477 841.646677 0.000306 
478 843.410370 0.000304 
479 845.173681 0.000313 
480 846.937642 0.000301 
481 848.703616 0.000322 
482 850.464524 0.000323 
483 852.228383 0.000324 
484 853.991959 0.000324 
485 855.755631 0.000302 
486 857.519407 0.000364 
487 859.278577 0.000322 
488 861.046488 0.000318 
489 863.161555 0.014577 
490 864.573198 0.000310 
491 866.336599 0.000305 
492 868.100459 0.000315 
493 869.864051 0.000303 
494 871.627567 0.000305 
495 873.391090 0.000309 
496 875.154686 0.000301 
497 876.918382 0.000316 
498 878.682043 0.000303 
499 880.445803 0.000320 
500 882.209409 0.000310 
501 883.973544 0.000302 
502 885.736218 0.000315 
503 887.500509 0.000315 
504 889.263582 0.000323 
505 891.032806 0.000366 
506 892.790686 0.000348 
507 894.592458 0.000227 
508 896.318037 0.000308 
509 898.081574 0.000309 
510 899.845346 0.000388 
511 -98.000000 -98.000000 
512 903.372232 0.000305 
513 905.135499 0.000335 
514 906.899466 0.000303 
515 908.663079 0.000303 
516 910.426741 0.000304 
517 912.192068 0.000338 
518 913.953956 0.000310 
519 915.717575 0.000312 
520 917.480707 0.000304 
521 919.242060 0.000308 
522 921.008616 0.000307 
523 922.771717 0.000309 
524 924.535261 0.000319 
525 926.298968 0.000430 
526 928.062823 0.000375 
527 929.873379 0.000220 
528 931.589924 0.000304 
529 933.353140 0.000322 
530 935.116405 0.000320 
531 936.880311 0.000303 
532 938.643882 0.000301 
533 940.407889 0.000312 
534 942.171040 0.000327 
535 943.934805 0.000326 
536 945.698599 0.000369 
537 -98.000000 -98.000000 
538 950.093140 0.005021 
539 950.989285 0.000384 
540 952.750681 0.000491 
541 954.516008 0.000318 
542 956.280357 0.000497 
543 958.043487 0.000325 
544 959.806742 0.000336 
545 961.570461 0.000339 
546 963.334517 0.000349 
547 965.097426 0.000328 
548 966.861337 0.000329 
549 968.625330 0.000358 
550 970.388714 0.000339 
551 972.151974 0.000326 
552 973.915884 0.000326 
553 975.679211 0.000335 
554 977.443190 0.000342 
555 979.206625 0.000318 
556 980.970413 0.000334 
557 982.733719 0.000324 
558 984.457305 0.000325 
559 986.260737 0.000410 
560 988.024436 0.000346 
561 989.788343 0.000332 
562 -99.000000 -99.000000 
563 -99.000000 -99.000000 
564 -98.000000 -98.000000 
565 996.841999 0.000314 
566 998.606036 0.000320 
567 1000.369667 0.000314 
568 1002.132954 0.000311 
569 1003.896870 0.000313 
570 1005.660181 0.000312 
571 1007.423652 0.000335 
572 1009.187284 0.000447 
573 1010.950365 0.000393 
574 1013.209736 0.072029 
575 1014.478095 0.000326 
576 1016.242104 0.000345 
577 1018.005504 0.000321 
578 1019.768800 0.000347 
579 1021.534132 0.000343 
580 1023.296282 0.000386 
581 1025.059576 0.000312 
582 1026.823551 0.000347 
583 1028.586976 0.000306 
584 1030.347544 0.000438 
585 1032.114195 0.000316 
586 1033.877942 0.000341 
587 1035.641403 0.000389 
588 1037.404087 0.000403 
589 1039.167910 0.000348 
590 1040.932173 0.000417 
591 1042.695897 0.000446 
592 1044.459388 0.000435 
593 1046.219309 0.000394 
594 1047.988412 0.000396 
595 1049.749872 0.000335 
596 1051.513876 0.000341 
597 1053.277118 0.000372 
598 1055.040950 0.000326 
599 1056.804363 0.000380 
600 1058.568471 0.000397 
601 1060.331352 0.000359 
602 1062.094887 0.000404 
603 1063.858820 0.000325 
604 1065.622531 0.000367 
605 1067.386003 0.000309 
606 1069.149770 0.000341 
607 1070.912871 0.000341 
608 1072.676868 0.000318 
609 1074.440185 0.000344 
610 1076.346564 0.037456 
611 1077.967644 0.000364 
612 1079.730909 0.000367 
613 1081.494643 0.000334 
614 1083.257990 0.000376 
615 1085.022081 0.000310 
616 1086.785415 0.000314 
617 1088.548884 0.000304 
618 1090.312466 0.000309 
619 1092.076041 0.000318 
620 1093.839668 0.000323 
621 1095.603065 0.000328 
622 1097.367114 0.000393 
623 1099.131982 0.000387 
624 1100.893933 0.000323 
625 1102.657380 0.000377 
626 1104.677435 0.029117 
627 1106.184964 0.000342 
628 1107.949020 0.000338 
629 1109.712046 0.000360 
630 1111.476035 0.000386 
631 1113.239571 0.000396 
632 1115.002804 0.000328 
633 1116.766518 0.000348 
634 1118.531538 0.000304 
635 -98.000000 -98.000000 
636 -99.000000 -99.000000 
637 -99.000000 -99.000000 
638 1126.880117 0.050433 
639 1127.347817 0.000307 
640 1129.111417 0.000306 
641 1130.875073 0.000307 
642 1132.638614 0.000307 
643 1134.402514 0.000328 
644 1136.524406 0.545045 
645 1137.929506 0.000304 
646 1139.693129 0.000304 
647 1141.456665 0.000302 
648 1143.219879 0.000309 
649 1144.983776 0.000302 
650 1146.747397 0.000304 
651 1148.510493 0.000326 
652 1150.274433 0.000308 
653 1152.038171 0.000304 
654 1153.801599 0.000311 
655 1155.565225 0.000311 
656 1157.329044 0.000307 
657 1159.092444 0.000308 
658 1160.856214 0.000306 
659 1162.619509 0.000304 
660 1164.383408 0.000309 
661 1166.146816 0.000377 
662 1167.910054 0.000321 
663 1169.673542 0.000317 
664 1171.437727 0.000302 
665 1173.201235 0.000308 
666 1174.964884 0.000306 
667 1176.728460 0.000315 
668 1178.492106 0.000306 
669 1180.255546 0.000330 
670 1182.018955 0.000308 
671 1183.783045 0.000305 
672 1185.546285 0.000309 
673 1187.310112 0.000298 
674 1189.073611 0.000306 
675 1190.837138 0.000300 
676 1192.600524 0.000311 
677 1194.364273 0.000303 
678 1196.127941 0.000313 
679 1197.891723 0.000301 
680 1199.655821 0.000319 
681 1201.418364 0.000431 
682 -98.000000 -98.000000 
683 1204.945953 0.000306 
684 1206.708989 0.000332 
685 1208.473057 0.000312 
686 1210.236553 0.000328 
687 1212.000240 0.000313 
688 1213.762941 0.000302 
689 1215.527628 0.000306 
690 1217.290812 0.000308 
691 1219.054308 0.000361 
692 1220.818061 0.000310 
693 1222.580763 0.000318 
694 1224.344945 0.000321 
695 1226.109087 0.000317 
696 1227.872465 0.000330 
697 1229.635919 0.000301 
698 1231.399842 0.000321 
699 1233.163169 0.000309 
700 1235.322423 0.010132 
701 1236.690410 0.000315 
702 1238.454002 0.000309 
703 1240.218207 0.000327 
704 1241.981185 0.000318 
705 -99.000000 -99.000000 
706 -99.000000 -99.000000 
707 -99.000000 -99.000000 
708 1249.035464 0.000388 
709 1250.798841 0.000315 
710 1252.562492 0.000310 
711 1254.326269 0.000308 
712 1256.090079 0.000307 
713 1257.853343 0.000314 
714 1259.616905 0.000311 
715 1261.380951 0.000332 
716 1263.144220 0.000337 
717 1264.907706 0.000344 
718 1266.708884 0.000238 
719 1268.434965 0.000302 
720 1270.198390 0.000302 
721 1271.961952 0.000309 
722 1273.725754 0.000311 
723 1275.489176 0.000306 
724 1277.253310 0.000311 
725 1279.016430 0.000312 
726 1280.780039 0.000306 
727 1282.543772 0.000305 
728 1284.307448 0.000310 
729 1286.070596 0.000310 
730 1287.834309 0.000305 
731 1289.597953 0.000309 
732 1291.361456 0.000305 
733 1293.125370 0.000307 
734 1294.889149 0.000305 
735 1296.652589 0.000351 
736 1298.415896 0.000303 
737 1300.179300 0.000321 
738 -98.000000 -98.000000 
739 1303.706751 0.000322 
740 1305.470424 0.000356 
741 1307.233979 0.000409 
742 -99.000000 -99.000000 
743 -99.000000 -99.000000 
744 -99.000000 -99.000000 
745 -99.000000 -99.000000 
746 -99.000000 -99.000000 
747 -98.000000 -98.000000 
748 1319.579209 0.000310 
749 1321.342816 0.000309 
750 1323.105810 0.000301 
751 1324.869617 0.000315 
752 1326.633305 0.000301 
753 1328.397087 0.000341 
754 1330.160562 0.000312 
755 1331.924197 0.000312 
756 1333.687722 0.000304 
757 1335.451430 0.000305 
758 1337.214885 0.000304 
759 1338.978240 0.000306 
760 1340.741844 0.000328 
761 1342.505454 0.000330 
762 1344.268925 0.000324 
763 1346.032746 0.000424 
764 1347.796531 0.000386 
765 1349.559827 0.000317 
766 1351.323405 0.000306 
767 1353.087355 0.000329 
768 1354.850766 0.000395 
769 1356.628825 0.000373 
770 1358.377276 0.000327 
771 1360.141824 0.000310 
772 1361.904929 0.000305 
773 1363.668793 0.000325 
774 1365.431980 0.000308 
775 1367.196032 0.000370 
776 1368.959516 0.000345 
777 1370.723067 0.000306 
778 1372.486756 0.000305 
779 1374.250437 0.000316 
780 1376.013443 0.000358 
781 1377.779061 0.000310 
782 1379.540555 0.000352 
783 1381.304466 0.000308 
784 1383.068385 0.000309 
785 1384.831698 0.000304 
786 1386.595530 0.000306 
787 1388.359686 0.000541 
788 1390.122407 0.000318 
789 1391.886065 0.000312 
790 1393.649414 0.000317 
791 1395.413287 0.000309 
792 1397.176539 0.000318 
793 1398.940936 0.000309 
794 1400.704032 0.000305 
795 1402.467626 0.000306 
796 1404.231128 0.000299 
797 1405.994712 0.000304 
798 1407.758104 0.000308 
799 1409.522197 0.000301 
800 1411.285642 0.000361 
801 -99.000000 -99.000000 
802 -99.000000 -99.000000 
803 -98.000000 -98.000000 
804 1418.339549 0.000372 
805 1420.103714 0.000363 
806 1421.461906 0.000926 
