0 1.305918 0.005898 
1 3.062579 0.006287 
2 4.840738 0.006299 
3 6.595489 0.007734 
4 8.348366 0.005455 
5 10.102029 0.006090 
6 11.874756 0.006224 
7 -99.000000 -99.000000 
8 15.404818 0.005687 
9 17.171000 0.006205 
10 18.933158 0.006098 
11 20.692720 0.006599 
12 22.456285 0.005806 
13 24.231725 0.005884 
14 25.981590 0.005942 
15 27.751674 0.005950 
16 29.535050 0.007209 
17 31.292303 0.005696 
18 33.039741 0.010061 
19 34.816736 0.005960 
20 36.576609 0.006581 
21 38.308265 0.007595 
22 40.098737 0.006260 
23 41.860091 0.006436 
24 43.625987 0.005494 
25 45.381754 0.006274 
26 47.159276 0.005917 
27 48.912340 0.006066 
28 50.676977 0.006623 
29 52.455668 0.006421 
30 -98.000000 -98.000000 
31 55.959183 0.005822 
32 57.727330 0.006665 
33 59.498784 0.006257 
34 -99.000000 -99.000000 
35 63.029061 0.005827 
36 64.783250 0.005829 
37 66.553777 0.007370 
38 68.311247 0.006186 
39 70.115671 0.006101 
40 71.822952 0.006602 
41 73.591429 0.005838 
42 75.370674 0.007317 
43 77.132238 0.006785 
44 78.908019 0.006134 
45 80.670146 0.006036 
46 82.439125 0.007000 
47 84.182270 0.007423 
48 -98.000000 -98.000000 
49 87.694038 0.011152 
50 -99.000000 -99.000000 
51 91.221751 0.006605 
52 93.011557 0.006163 
53 94.757745 0.006843 
54 96.534658 0.006236 
55 98.311160 0.005806 
56 100.065099 0.005618 
57 101.817405 0.008296 
58 103.586171 0.005869 
59 105.343022 0.005914 
60 107.117592 0.005980 
61 108.887546 0.006110 
62 110.645447 0.005852 
63 112.402892 0.006096 
64 114.178446 0.005874 
65 115.930655 0.006945 
66 117.701264 0.005741 
67 119.471859 0.006004 
68 -98.000000 -98.000000 
69 122.982962 0.006232 
70 124.760735 0.006113 
71 126.521634 0.007216 
72 128.268812 0.005659 
73 130.042839 0.006505 
74 131.803311 0.006112 
75 133.583644 0.006461 
76 135.331128 0.005957 
77 137.106337 0.010545 
78 138.866789 0.006479 
79 140.642205 0.007344 
80 142.385759 0.005771 
81 144.152463 0.005838 
82 145.928954 0.006748 
83 147.672565 0.006294 
84 149.449549 0.008697 
85 151.212480 0.006034 
86 -99.000000 -99.000000 
87 154.730172 0.007879 
88 156.481866 0.006988 
89 158.279038 0.006024 
90 160.025006 0.006199 
91 161.794087 0.005926 
92 163.547898 0.005986 
93 165.317874 0.005681 
94 167.083030 0.006045 
95 168.851737 0.006079 
96 170.604915 0.005809 
97 172.370505 0.005746 
98 174.128769 0.005670 
99 175.900708 0.005494 
100 177.649182 0.005453 
101 179.422245 0.005863 
102 -99.000000 -99.000000 
103 -99.000000 -99.000000 
104 -99.000000 -99.000000 
105 -99.000000 -99.000000 
106 -99.000000 -99.000000 
107 -99.000000 -99.000000 
108 -99.000000 -99.000000 
109 -99.000000 -99.000000 
110 -99.000000 -99.000000 
111 -99.000000 -99.000000 
112 -99.000000 -99.000000 
113 -99.000000 -99.000000 
114 -99.000000 -99.000000 
115 -99.000000 -99.000000 
116 -99.000000 -99.000000 
117 -99.000000 -99.000000 
118 -99.000000 -99.000000 
119 -99.000000 -99.000000 
120 -99.000000 -99.000000 
121 -99.000000 -99.000000 
122 -99.000000 -99.000000 
123 -99.000000 -99.000000 
124 -99.000000 -99.000000 
125 -99.000000 -99.000000 
126 -99.000000 -99.000000 
127 -99.000000 -99.000000 
128 -99.000000 -99.000000 
129 -99.000000 -99.000000 
130 -99.000000 -99.000000 
131 -99.000000 -99.000000 
132 -99.000000 -99.000000 
133 -99.000000 -99.000000 
134 -99.000000 -99.000000 
135 -99.000000 -99.000000 
136 -99.000000 -99.000000 
137 -99.000000 -99.000000 
138 -99.000000 -99.000000 
139 -99.000000 -99.000000 
140 -99.000000 -99.000000 
141 -99.000000 -99.000000 
142 -99.000000 -99.000000 
143 -99.000000 -99.000000 
144 -99.000000 -99.000000 
145 -99.000000 -99.000000 
146 -99.000000 -99.000000 
147 -99.000000 -99.000000 
148 -99.000000 -99.000000 
149 -99.000000 -99.000000 
150 -99.000000 -99.000000 
151 -99.000000 -99.000000 
152 -99.000000 -99.000000 
153 -99.000000 -99.000000 
154 -99.000000 -99.000000 
155 -99.000000 -99.000000 
156 -99.000000 -99.000000 
157 -99.000000 -99.000000 
158 -99.000000 -99.000000 
159 -99.000000 -99.000000 
160 -99.000000 -99.000000 
161 -99.000000 -99.000000 
162 -99.000000 -99.000000 
163 -99.000000 -99.000000 
164 -99.000000 -99.000000 
165 -99.000000 -99.000000 
166 -99.000000 -99.000000 
167 -99.000000 -99.000000 
168 -99.000000 -99.000000 
169 -99.000000 -99.000000 
170 -99.000000 -99.000000 
171 -99.000000 -99.000000 
172 -99.000000 -99.000000 
173 -99.000000 -99.000000 
174 -99.000000 -99.000000 
175 -99.000000 -99.000000 
176 -99.000000 -99.000000 
177 -99.000000 -99.000000 
178 -99.000000 -99.000000 
179 -99.000000 -99.000000 
180 -99.000000 -99.000000 
181 -99.000000 -99.000000 
182 -99.000000 -99.000000 
183 -99.000000 -99.000000 
184 -99.000000 -99.000000 
185 -99.000000 -99.000000 
186 -99.000000 -99.000000 
187 -99.000000 -99.000000 
188 -99.000000 -99.000000 
189 -99.000000 -99.000000 
190 -99.000000 -99.000000 
191 -99.000000 -99.000000 
192 -99.000000 -99.000000 
193 -99.000000 -99.000000 
194 -99.000000 -99.000000 
195 -99.000000 -99.000000 
196 -99.000000 -99.000000 
197 -99.000000 -99.000000 
198 -99.000000 -99.000000 
199 -99.000000 -99.000000 
200 -99.000000 -99.000000 
201 -99.000000 -99.000000 
202 -99.000000 -99.000000 
203 -99.000000 -99.000000 
204 -99.000000 -99.000000 
205 -99.000000 -99.000000 
206 -99.000000 -99.000000 
207 -99.000000 -99.000000 
208 -99.000000 -99.000000 
209 -99.000000 -99.000000 
210 -99.000000 -99.000000 
211 -99.000000 -99.000000 
212 -99.000000 -99.000000 
213 -99.000000 -99.000000 
214 -99.000000 -99.000000 
215 -99.000000 -99.000000 
216 -99.000000 -99.000000 
217 -99.000000 -99.000000 
218 -99.000000 -99.000000 
219 -99.000000 -99.000000 
220 -99.000000 -99.000000 
221 -99.000000 -99.000000 
222 -99.000000 -99.000000 
223 -99.000000 -99.000000 
224 -99.000000 -99.000000 
225 -99.000000 -99.000000 
226 -99.000000 -99.000000 
227 -99.000000 -99.000000 
228 -99.000000 -99.000000 
229 -99.000000 -99.000000 
230 -99.000000 -99.000000 
231 -99.000000 -99.000000 
232 -99.000000 -99.000000 
233 -99.000000 -99.000000 
234 -99.000000 -99.000000 
235 -99.000000 -99.000000 
236 -99.000000 -99.000000 
237 -99.000000 -99.000000 
238 -99.000000 -99.000000 
239 -99.000000 -99.000000 
240 -99.000000 -99.000000 
241 -99.000000 -99.000000 
242 -99.000000 -99.000000 
243 -99.000000 -99.000000 
244 -99.000000 -99.000000 
245 -99.000000 -99.000000 
246 -99.000000 -99.000000 
247 -99.000000 -99.000000 
248 -99.000000 -99.000000 
249 -99.000000 -99.000000 
250 -99.000000 -99.000000 
251 -99.000000 -99.000000 
252 -99.000000 -99.000000 
253 -99.000000 -99.000000 
254 -99.000000 -99.000000 
255 -99.000000 -99.000000 
256 -99.000000 -99.000000 
257 -99.000000 -99.000000 
258 -99.000000 -99.000000 
259 -99.000000 -99.000000 
260 -99.000000 -99.000000 
261 461.589593 0.006653 
262 463.374751 0.005832 
263 465.136822 0.008095 
264 466.886146 0.005516 
265 468.642072 0.006244 
266 470.412111 0.005925 
267 472.187395 0.006526 
268 473.943366 0.005865 
269 475.707338 0.006396 
270 477.472791 0.007971 
271 479.227364 0.006091 
272 480.995561 0.005975 
273 482.767974 0.006582 
274 484.527682 0.007090 
275 486.287478 0.006657 
276 488.048264 0.006403 
277 489.826998 0.014268 
278 491.575272 0.006664 
279 493.316368 0.006308 
280 495.090219 0.005899 
281 496.889153 0.008427 
282 498.632832 0.006366 
283 500.403245 0.005967 
284 502.179181 0.011178 
285 503.919340 0.006890 
286 505.679983 0.006631 
287 507.446335 0.010345 
288 509.212911 0.005918 
289 510.982932 0.007613 
290 512.751066 0.012394 
291 514.493002 0.006643 
292 516.258072 0.008945 
293 518.033857 0.006940 
294 519.789189 0.007320 
295 521.589845 0.008200 
296 523.332024 0.006487 
297 525.085912 0.006270 
298 526.844645 0.012997 
299 528.633426 0.006791 
300 530.369038 0.006031 
301 532.134652 0.006436 
302 533.905885 0.005679 
303 535.641127 0.008081 
304 537.443624 0.005612 
305 539.197276 0.005921 
306 540.959990 0.006140 
307 542.725654 0.005860 
308 544.487040 0.006302 
309 546.268272 0.005713 
310 548.007455 0.005922 
311 549.781457 0.005788 
312 -99.000000 -99.000000 
313 -99.000000 -99.000000 
314 -99.000000 -99.000000 
315 -99.000000 -99.000000 
316 -99.000000 -99.000000 
317 -99.000000 -99.000000 
318 -99.000000 -99.000000 
319 -99.000000 -99.000000 
320 565.864750 0.020739 
321 567.424197 0.007614 
322 569.184641 0.007585 
323 570.944361 0.008279 
324 572.708693 0.005469 
325 574.478273 0.006893 
326 576.248191 0.005681 
327 578.000995 0.005454 
328 579.760282 0.005893 
329 581.525297 0.005507 
330 583.280849 0.005495 
331 585.056910 0.005703 
332 586.826288 0.005542 
333 588.586109 0.005988 
334 590.343684 0.007059 
335 -99.000000 -99.000000 
336 -99.000000 -99.000000 
337 595.636318 0.006242 
338 597.397109 0.006458 
339 599.152232 0.006105 
340 600.920672 0.005621 
341 602.681294 0.006251 
342 604.435855 0.006016 
343 606.232975 0.007407 
344 607.987131 0.006427 
345 609.733983 0.005582 
346 611.492891 0.006217 
347 613.254832 0.005347 
348 615.027014 0.005582 
349 616.793092 0.005726 
350 618.554329 0.005985 
351 620.329820 0.005467 
352 622.090081 0.005567 
353 623.837661 0.006799 
354 625.620493 0.006022 
355 627.391265 0.005850 
356 629.132405 0.006050 
357 630.888485 0.005741 
358 632.673751 0.006064 
359 -99.000000 -99.000000 
360 -99.000000 -99.000000 
361 -99.000000 -99.000000 
362 639.723308 0.006534 
363 641.488661 0.007201 
364 643.258440 0.006324 
365 644.996907 0.006145 
366 646.789205 0.006124 
367 648.534636 0.006519 
368 650.296788 0.006439 
369 652.065214 0.006056 
370 653.842154 0.006224 
371 655.595813 0.006071 
372 657.355130 0.005597 
373 659.118461 0.005941 
374 660.886563 0.005507 
375 662.645231 0.005836 
376 664.414711 0.006278 
377 666.169251 0.006028 
378 667.922598 0.006665 
379 669.699335 0.005657 
380 671.453932 0.005390 
381 673.245132 0.005671 
382 674.986341 0.005428 
383 676.753402 0.006789 
384 678.509232 0.005733 
385 680.282310 0.005691 
386 682.050934 0.006088 
387 683.813146 0.006541 
388 685.596469 0.005945 
389 687.339060 0.005867 
390 689.104320 0.006197 
391 690.849621 0.006717 
392 692.614536 0.005929 
393 694.371668 0.006040 
394 696.167091 0.006145 
395 697.909874 0.006224 
396 699.694551 0.005848 
397 701.447282 0.006458 
398 703.203305 0.006891 
399 -98.000000 -98.000000 
400 706.731522 0.005710 
401 708.506751 0.006753 
402 710.253940 0.006020 
403 712.037031 0.006378 
404 713.796334 0.007403 
405 715.564623 0.005599 
406 717.341843 0.007843 
407 719.081445 0.006658 
408 720.840820 0.005899 
409 722.616251 0.006017 
410 724.363563 0.005673 
411 726.124425 0.005549 
412 727.902562 0.005631 
413 729.651202 0.022184 
414 731.429174 0.005558 
415 733.192882 0.005552 
416 734.965480 0.005807 
417 -99.000000 -99.000000 
418 738.491359 0.007559 
419 740.241303 0.005976 
420 742.007247 0.006381 
421 743.778472 0.011668 
422 745.539761 0.006407 
423 747.304890 0.006303 
424 749.084324 0.006320 
425 750.836418 0.005816 
426 752.583752 0.005855 
427 754.354144 0.006459 
428 756.114669 0.006223 
429 757.883487 0.005979 
430 759.638898 0.006306 
431 761.403966 0.005537 
432 763.171280 0.006147 
433 764.936251 0.005696 
434 766.695498 0.005754 
435 768.449347 0.007269 
436 770.235923 0.006439 
437 771.992317 0.005998 
438 773.749701 0.005687 
439 775.543810 0.006057 
440 777.285372 0.005977 
441 779.042936 0.005953 
442 780.801842 0.005888 
443 782.577606 0.005815 
444 784.345932 0.006389 
445 786.088278 0.006396 
446 787.848737 0.005852 
447 789.626932 0.006074 
448 791.384140 0.006311 
449 793.135537 0.006138 
450 794.908050 0.006314 
451 796.665046 0.007160 
452 798.438391 0.005809 
453 -99.000000 -99.000000 
454 801.969516 0.006859 
455 803.736673 0.007174 
456 805.486856 0.006618 
457 807.262253 0.005952 
458 809.031478 0.006021 
459 810.800222 0.005702 
460 812.554959 0.005953 
461 814.316181 0.005870 
462 816.081186 0.006942 
463 817.853365 0.005948 
464 819.608184 0.006202 
465 821.362152 0.005907 
466 823.128023 0.008372 
467 824.896924 0.006352 
468 826.664743 0.006749 
469 828.405901 0.006180 
470 830.186492 0.005807 
471 831.960721 0.012805 
472 833.720858 0.009491 
473 835.469555 0.006549 
474 837.220110 0.005637 
475 839.039694 0.010997 
476 840.767372 0.006330 
477 842.533049 0.007320 
478 844.281986 0.005867 
479 846.054522 0.006381 
480 847.813902 0.005933 
481 849.588742 0.007382 
482 851.363326 0.006864 
483 853.114410 0.006839 
484 854.874954 0.009519 
485 856.642109 0.005943 
486 858.405176 0.006084 
487 860.163956 0.005857 
488 861.929878 0.005766 
489 863.695537 0.005875 
490 865.456861 0.006988 
491 867.220103 0.005944 
492 868.993838 0.008437 
493 870.744677 0.005716 
494 872.511910 0.005498 
495 874.265712 0.005597 
496 876.029294 0.006017 
497 877.810948 0.006153 
498 879.568660 0.005641 
499 881.324832 0.008696 
500 883.096811 0.006848 
501 884.846530 0.006630 
502 886.617162 0.008316 
503 888.397452 0.007238 
504 890.161917 0.008009 
505 891.908620 0.006961 
506 893.673952 0.007687 
507 895.442856 0.006163 
508 897.189891 0.006432 
509 898.970584 0.007248 
510 -98.000000 -98.000000 
511 -99.000000 -99.000000 
512 904.267761 0.006044 
513 906.040977 0.010109 
514 907.777961 0.006163 
515 909.549987 0.006372 
516 911.331647 0.006598 
517 913.081350 0.006478 
518 914.837987 0.006404 
519 916.607300 0.006484 
520 918.366489 0.006322 
521 920.140481 0.005978 
522 921.897517 0.005987 
523 923.653556 0.006188 
524 925.428310 0.005703 
525 927.193235 0.009796 
526 928.603581 0.010800 
527 930.718234 0.005930 
528 932.489848 0.006186 
529 934.239910 0.008065 
530 935.984647 0.006254 
531 937.773687 0.005772 
532 939.530605 0.006409 
533 941.292175 0.006285 
534 943.045097 0.008080 
535 944.796059 0.007671 
536 946.562930 0.009755 
537 -99.000000 -99.000000 
538 950.096813 0.015405 
539 -98.000000 -98.000000 
540 953.656031 0.014561 
541 955.396327 0.007281 
542 957.156534 0.018715 
543 958.918587 0.006950 
544 960.694041 0.006200 
545 962.466622 0.008381 
546 964.237010 0.008886 
547 965.991339 0.008723 
548 967.749820 0.008675 
549 969.512347 0.011546 
550 971.262818 0.007565 
551 973.043658 0.008742 
552 974.800484 0.008832 
553 976.569147 0.008135 
554 978.303971 0.007792 
555 980.087712 0.009023 
556 981.845978 0.010320 
557 983.619045 0.005998 
558 985.393169 0.013913 
559 987.179844 0.019277 
560 988.897493 0.013987 
561 990.676841 0.005898 
562 -99.000000 -99.000000 
563 -99.000000 -99.000000 
564 995.984670 0.010683 
565 997.731004 0.006564 
566 999.511560 0.007411 
567 1001.242870 0.005580 
568 1003.004639 0.006238 
569 1004.773409 0.006973 
570 1006.542784 0.005867 
571 1008.304328 0.012591 
572 1010.063411 0.025703 
573 1011.821021 0.008664 
574 1013.598640 0.005881 
575 1015.338268 0.010199 
576 1017.119621 0.005902 
577 1018.869434 0.006319 
578 1020.661851 0.010245 
579 1022.428645 0.005988 
580 1024.181004 0.017391 
581 1025.950340 0.007007 
582 1027.687305 0.008836 
583 1029.477509 0.006572 
584 1031.206891 0.016971 
585 1032.988444 0.009331 
586 1034.774164 0.006809 
587 1036.519948 0.006986 
588 1038.284189 0.007724 
589 1040.043487 0.012598 
590 1041.833977 0.015357 
591 1043.584225 0.020814 
592 1045.332220 0.020308 
593 1047.108544 0.009942 
594 1048.878943 0.010900 
595 1050.621746 0.007787 
596 1052.410653 0.006566 
597 1054.158528 0.007183 
598 1055.924334 0.005825 
599 1057.685113 0.007328 
600 1059.379565 0.011663 
601 1061.229232 0.006467 
602 1062.982298 0.010164 
603 1064.751563 0.006929 
604 1066.525868 0.010649 
605 1068.271561 0.006920 
606 1070.042214 0.008694 
607 1071.771044 0.009813 
608 1073.562398 0.006496 
609 1075.308588 0.007198 
610 1077.068450 0.020258 
611 1078.854832 0.006568 
612 1080.620517 0.011300 
613 1082.374972 0.010642 
614 1084.145831 0.008052 
615 1085.905265 0.007256 
616 1087.674244 0.008730 
617 1089.434557 0.006074 
618 1091.197840 0.006691 
619 1092.960633 0.005489 
620 1094.740176 0.007160 
621 1096.492612 0.009210 
622 1098.239652 0.010772 
623 1100.002801 0.007077 
624 1101.769843 0.006617 
625 1103.509603 0.021274 
626 1105.307814 0.013249 
627 1107.030460 0.010118 
628 1108.853694 0.008298 
629 1110.620281 0.010278 
630 1112.394868 0.013923 
631 1114.207216 0.015414 
632 1115.876361 0.010684 
633 1117.659577 0.009617 
634 1119.431515 0.006220 
635 -99.000000 -99.000000 
636 -99.000000 -99.000000 
637 -99.000000 -99.000000 
638 -99.000000 -99.000000 
639 1128.237514 0.006615 
640 1130.009309 0.006236 
641 1131.755808 0.007170 
642 1133.516662 0.007660 
643 1135.282643 0.006044 
644 1137.045499 0.006741 
645 1138.803596 0.006333 
646 1140.578356 0.006277 
647 1142.347965 0.006284 
648 1144.103038 0.006773 
649 1145.871820 0.005969 
650 1147.624669 0.005977 
651 1149.385397 0.005777 
652 1151.154394 0.005656 
653 1152.925718 0.005677 
654 1154.677697 0.005841 
655 1156.459708 0.008123 
656 1158.211261 0.006616 
657 1159.972246 0.005916 
658 1161.758410 0.007040 
659 1163.510128 0.006098 
660 1165.271006 0.007328 
661 -98.000000 -98.000000 
662 1168.804511 0.006634 
663 1170.557124 0.006229 
664 1172.329119 0.006205 
665 1174.085476 0.006307 
666 1175.842237 0.006295 
667 1177.611639 0.006288 
668 1179.379583 0.006529 
669 1181.135060 0.010414 
670 1182.913185 0.006039 
671 1184.672481 0.006597 
672 1186.422469 0.005723 
673 1188.209729 0.006127 
674 1189.954222 0.005731 
675 1191.717071 0.005885 
676 1193.484833 0.005999 
677 1195.254484 0.006589 
678 1197.018640 0.007288 
679 1198.782395 0.005775 
680 1200.535231 0.006228 
681 -99.000000 -99.000000 
682 1204.078475 0.006114 
683 1205.829292 0.006190 
684 1207.593431 0.010197 
685 1209.377638 0.007161 
686 1211.121567 0.006680 
687 1212.889360 0.006760 
688 1214.644766 0.006420 
689 1216.423338 0.006901 
690 1218.172697 0.006109 
691 1219.940763 0.014606 
692 1221.703742 0.006056 
693 1223.474705 0.006496 
694 1225.229045 0.006936 
695 1226.986355 0.005983 
696 1228.737327 0.010551 
697 1230.529276 0.006411 
698 1232.285169 0.006005 
699 1234.053496 0.007839 
700 1235.819745 0.007093 
701 1237.593456 0.007298 
702 1239.332886 0.006205 
703 1241.101855 0.005784 
704 1242.873558 0.006441 
705 -99.000000 -99.000000 
706 -99.000000 -99.000000 
707 -99.000000 -99.000000 
708 1249.948822 0.008938 
709 1251.679569 0.006639 
710 1253.448850 0.005871 
711 1255.195228 0.006674 
712 1256.979074 0.006064 
713 1258.709412 0.007373 
714 1260.491012 0.007289 
715 1262.257478 0.009423 
716 1264.035008 0.010303 
717 1265.789629 0.006332 
718 1267.548633 0.006658 
719 1269.307029 0.006237 
720 1271.091091 0.006307 
721 1272.862461 0.006339 
722 1274.603209 0.008004 
723 1276.374372 0.006356 
724 1278.149597 0.006474 
725 1279.895597 0.007413 
726 1281.659003 0.005984 
727 1283.456512 0.005812 
728 1285.211178 0.006777 
729 1286.964022 0.006200 
730 1288.712733 0.006390 
731 1290.467502 0.006102 
732 1292.239404 0.006285 
733 1294.001441 0.005913 
734 1295.748857 0.006004 
735 1297.542718 0.011704 
736 1299.309799 0.005929 
737 1301.121924 0.010829 
738 1302.813030 0.005502 
739 1304.595691 0.006220 
740 1306.324313 0.012532 
741 -99.000000 -99.000000 
742 -99.000000 -99.000000 
743 -99.000000 -99.000000 
744 -99.000000 -99.000000 
745 -99.000000 -99.000000 
746 -99.000000 -99.000000 
747 -99.000000 -99.000000 
748 1320.456330 0.006047 
749 1322.211722 0.006945 
750 1324.007328 0.005674 
751 1325.763725 0.006656 
752 1327.519159 0.005547 
753 1329.292644 0.010957 
754 1331.052212 0.007105 
755 1332.794038 0.005791 
756 1334.568045 0.006305 
757 1336.350783 0.005771 
758 1338.085457 0.006054 
759 1339.865717 0.006103 
760 1341.628916 0.005943 
761 1343.397308 0.007977 
762 1345.159441 0.007775 
763 1346.936722 0.013323 
764 1348.686693 0.012878 
765 1350.454549 0.006821 
766 1352.214771 0.006613 
767 1353.970734 0.006866 
768 -98.000000 -98.000000 
769 1357.502098 0.006178 
770 1359.250584 0.005927 
771 1361.026786 0.006258 
772 1362.786923 0.005937 
773 1364.560385 0.006513 
774 1366.321843 0.005410 
775 1368.103397 0.012121 
776 1369.831633 0.005639 
777 1371.616290 0.006344 
778 1373.380456 0.006234 
779 1375.134321 0.009030 
780 1376.887636 0.007729 
781 1378.676831 0.005911 
782 1380.440903 0.013112 
783 1382.188160 0.007390 
784 1383.956325 0.006213 
785 1385.712282 0.006293 
786 1387.486197 0.005672 
787 -99.000000 -99.000000 
788 1391.007910 0.006879 
789 1392.786847 0.006652 
790 1394.533766 0.006831 
791 1396.284953 0.006636 
792 1398.066526 0.005906 
793 1399.827572 0.006697 
794 1401.594978 0.005853 
795 1403.343514 0.005807 
796 1405.115325 0.005977 
797 1406.886329 0.006068 
798 1408.631495 0.006998 
799 1410.413776 0.005612 
800 1411.813380 0.015470 
801 -99.000000 -99.000000 
802 -99.000000 -99.000000 
803 1417.441855 0.017646 
804 1419.232622 0.005882 
805 1420.994490 0.005966 
806 -99.000000 -99.000000 
